,date_time,total_demand,combined_cycle_gas_turbine_generation,oil_generation,coal_generation,nuclear_generation,wind_generation,pumped_storage_generation,nonpumped_storage_hydro_generation,open_cycle_gas_turbine_generation,other_generation,biomass_generation,embedded_solar_generation,embedded_wind_generation,BritNet_flow
1152,2012-01-01,1581286,471776,0,407517,338227,126654,18868,37757,0,0,0,414.0,49356.0,47638.0
1153,2012-01-02,1721063,538862,0,491569,339700,132693,15650,37364,0,0,0,1203.0,55177.0,25545.0
1154,2012-01-03,2001822,585353,0,739060,334309,103629,15706,38607,0,0,0,542.0,69985.0,32000.0
1155,2012-01-04,2076632,548164,0,817790,339921,127312,17790,38710,0,0,0,560.0,71724.0,37436.0
1156,2012-01-05,2055134,522723,0,794084,362084,126534,18090,39720,360,0,0,898.0,68270.0,39367.0
1157,2012-01-06,2023925,547342,0,796608,372915,92500,14864,40260,309,0,0,1048.0,39074.0,40652.0
1158,2012-01-07,1806535,438534,0,592090,378329,139540,15960,39563,0,0,0,926.0,61362.0,44966.0
1159,2012-01-08,1760148,446530,0,628477,375688,84440,14610,38401,60,0,0,648.0,32180.0,43367.0
1160,2012-01-09,1979427,548794,0,819969,381948,82655,15946,38511,647,0,0,859.0,33753.0,21617.0
1161,2012-01-10,2009201,515229,0,856401,384337,94557,13688,40387,4,0,0,941.0,36592.0,19420.0
1162,2012-01-11,1998313,491107,8376,865708,364160,100155,16108,38898,902,0,0,1131.0,41293.0,16487.0
1163,2012-01-12,2013042,482421,0,898310,340681,103419,19042,40132,1003,0,0,1026.0,48433.0,25287.0
1164,2012-01-13,2025001,536493,0,1004472,329105,22276,22674,36863,76,0,0,1485.0,5589.0,19746.0
1165,2012-01-14,1895266,500112,0,890279,313090,13399,19074,33354,0,0,0,1556.0,9908.0,33900.0
1166,2012-01-15,1868108,511945,0,800555,320540,40221,13642,33046,0,0,0,1392.0,23343.0,38479.0
1167,2012-01-16,2125854,689787,0,1007766,325461,36240,17672,32447,377,0,0,1985.0,15166.0,16572.0
1168,2012-01-17,2171059,685049,0,1005821,352475,56399,4106,30105,49,0,0,1259.0,20854.0,5292.0
1169,2012-01-18,2086884,593343,0,904207,366026,109531,3402,28781,64,0,0,603.0,41749.0,18327.0
1170,2012-01-19,2045193,517931,0,873865,370880,118342,9610,27153,6,0,0,1195.0,58608.0,21185.0
1171,2012-01-20,2052947,492688,0,890476,372596,101167,16990,28222,319,0,0,608.0,52719.0,24426.0
1172,2012-01-21,1834904,348976,0,707092,374667,151134,13978,31081,0,0,0,1041.0,71577.0,44781.0
1173,2012-01-22,1783340,348336,0,684531,378390,127498,15496,33520,0,0,0,1427.0,59894.0,43653.0
1174,2012-01-23,2031383,471343,0,931782,389485,78152,16396,31452,33,0,0,1527.0,32022.0,27024.0
1175,2012-01-24,2097414,510787,0,1019683,397082,29220,23020,32830,664,0,0,525.0,20018.0,13164.0
1176,2012-01-25,2035162,434556,6802,947300,396209,109247,14546,31388,772,0,0,758.0,43084.0,11935.0
1177,2012-01-26,2044093,478621,0,932864,399062,58353,18014,32909,39,0,0,1610.0,33678.0,26986.0
1178,2012-01-27,2044808,522662,0,936017,395839,52082,20824,34522,0,0,0,2016.0,27703.0,16004.0
1179,2012-01-28,1862639,439299,0,845400,402399,8419,17176,31442,0,0,0,1901.0,4307.0,37289.0
1180,2012-01-29,1861354,427520,0,810162,404225,35431,18012,29768,0,0,0,902.0,11691.0,42296.0
1181,2012-01-30,2125051,589293,0,1000357,405735,45718,22758,28776,0,0,0,1264.0,16620.0,26185.0
1182,2012-01-31,2183723,564529,0,1071252,406306,56973,15974,26873,0,0,0,1081.0,20869.0,26576.0
1183,2012-02-01,2200229,615051,0,1063183,385604,61514,16412,26808,0,794,8665,2849.0,31590.0,25428.0
1184,2012-02-02,2232687,737920,0,1055267,383701,33317,25010,25646,587,2339,25492,2410.0,15336.0,-1905.0
1185,2012-02-03,2208553,765645,5804,1057921,375206,31695,17104,24043,560,178,1791,3025.0,7915.0,-8243.0
1186,2012-02-04,2069841,562682,0,997990,377891,93334,18398,25367,286,192,1932,1358.0,31312.0,33576.0
1187,2012-02-05,1967506,538004,0,982082,381443,36562,17660,26908,318,192,1941,1730.0,13114.0,42809.0
1188,2012-02-06,2159177,686214,0,1110405,381570,7352,19250,25154,0,1581,17201,1713.0,1329.0,-5534.0
1189,2012-02-07,2200452,682309,0,1138725,380834,41413,21402,24875,67,1973,21467,2132.0,11464.0,-21058.0
1190,2012-02-08,2292629,682888,0,1140705,385815,96357,24708,24158,3247,2060,22414,1643.0,27795.0,-14277.0
1191,2012-02-09,2269895,687318,0,1180263,399532,29762,17450,21616,771,2046,22232,1760.0,8925.0,2234.0
1192,2012-02-10,2220974,642588,0,1148514,405643,47829,22204,21798,298,1763,19209,1777.0,22115.0,-19676.0
1193,2012-02-11,2034072,513184,0,1080197,407321,20409,24758,24066,4170,192,1949,3614.0,9136.0,35699.0
1194,2012-02-12,1967339,475437,0,1068491,409922,17260,18820,20192,0,190,1934,1433.0,5605.0,45745.0
1195,2012-02-13,2142338,577473,0,1075003,415901,95865,13608,18844,680,1532,16664,1708.0,35909.0,-15191.0
1196,2012-02-14,2112992,571825,0,1002928,417545,122935,11856,18207,0,2508,27308,2036.0,43840.0,-11698.0
1197,2012-02-15,2059215,569810,0,897884,417823,122029,21540,20532,201,1800,19629,2113.0,48599.0,31160.0
1198,2012-02-16,2037946,571220,0,937935,417560,96584,15274,21655,342,2377,25962,2372.0,36856.0,8347.0
1199,2012-02-17,1980309,495748,0,929994,417852,100363,12844,21720,1196,2546,27758,1668.0,38237.0,28470.0
1200,2012-02-18,1805082,422535,0,712930,417497,147533,22922,26484,640,1622,17669,2089.0,65230.0,28815.0
1201,2012-02-19,1807498,424120,0,784113,416747,61390,18922,28437,554,1796,19589,4262.0,25143.0,43966.0
1202,2012-02-20,2075057,548842,0,912313,416101,131887,12322,31908,0,2635,28742,2879.0,46832.0,34306.0
1203,2012-02-21,2030422,467974,0,959788,415855,126728,16418,34351,0,2351,25655,2836.0,49898.0,33452.0
1204,2012-02-22,2026977,472357,0,907541,411329,147427,20154,37194,126,2442,26644,1255.0,63340.0,26334.0
1205,2012-02-23,1947679,458294,0,907822,380268,129338,20004,35646,68,2520,27449,3261.0,49808.0,22619.0
1206,2012-02-24,1901320,481266,0,837810,373222,120376,15562,33811,381,2481,27044,2979.0,42761.0,24612.0
1207,2012-02-25,1733037,331470,0,767287,376999,74995,18796,32924,1038,1000,10880,4202.0,24075.0,37740.0
1208,2012-02-26,1700995,307631,0,758294,398311,51966,15712,30907,0,1024,11139,4168.0,12702.0,39288.0
1209,2012-02-27,1955703,449551,0,883605,411536,111029,21972,32031,1251,961,10409,1956.0,35343.0,28400.0
1210,2012-02-28,1938567,433685,0,927306,417954,64555,20428,31510,0,456,4893,1954.0,18490.0,34957.0
1211,2012-02-29,1918380,387835,0,941236,412921,52123,17174,31453,0,192,1910,2833.0,13763.0,25393.0
1212,2012-03-01,1909857,422293,0,948947,398360,40653,16066,26627,31,192,1905,4985.0,9919.0,27458.0
1213,2012-03-02,1912989,416436,0,982904,366069,40239,18232,26146,0,192,1917,3869.0,13892.0,26886.0
1214,2012-03-03,1733079,364149,0,797159,320244,91796,21134,26578,0,192,1923,3899.0,36265.0,41754.0
1215,2012-03-04,1755536,436573,0,786110,318225,57507,20446,25595,0,190,1916,1985.0,29927.0,47706.0
1216,2012-03-05,2004715,545877,0,947312,317480,60300,21166,26347,736,191,1914,5820.0,36152.0,32115.0
1217,2012-03-06,2019494,620174,0,899878,317074,88546,17524,24892,0,192,1913,5193.0,25913.0,34894.0
1218,2012-03-07,2023189,497985,0,917013,326175,140369,18702,26716,0,148,1485,3727.0,65747.0,32593.0
1219,2012-03-08,2000034,458301,0,986345,323039,118929,14750,22899,42,192,1915,4942.0,37832.0,32386.0
1220,2012-03-09,1949081,429938,0,973717,304462,137779,14960,23379,0,192,1911,3021.0,44422.0,24283.0
1221,2012-03-10,1731468,349769,0,852933,281463,98931,15838,21272,63,192,1913,4348.0,33893.0,43379.0
1222,2012-03-11,1646613,351453,0,818005,287498,56715,13532,20136,0,190,1911,6134.0,14454.0,47160.0
1223,2012-03-12,1887769,484727,0,990318,289936,21896,18874,24157,0,192,1919,4230.0,4850.0,33285.0
1224,2012-03-13,1930687,538093,0,985326,301001,6736,22636,24122,197,192,1919,2373.0,1336.0,32335.0
1225,2012-03-14,1935086,498843,0,995115,313146,20684,18858,22810,285,187,1876,3453.0,5848.0,34775.0
1226,2012-03-15,1938164,492255,0,980630,308427,37639,15580,22368,0,191,1907,4141.0,11939.0,39420.0
1227,2012-03-16,1902646,449216,0,944512,297906,80937,13948,19490,0,192,1920,2667.0,28921.0,37577.0
1228,2012-03-17,1709355,390797,0,871758,290968,28985,19148,17770,592,192,1932,4056.0,9498.0,44724.0
1229,2012-03-18,1665848,346717,0,872720,287075,31044,17928,19241,0,192,1925,5482.0,9493.0,45535.0
1230,2012-03-19,1910550,479061,0,951341,270417,90147,16106,18244,0,178,1779,7633.0,27855.0,29408.0
1231,2012-03-20,1898223,488399,0,916304,277565,96540,15638,19877,0,192,1920,6569.0,30679.0,37282.0
1232,2012-03-21,1875691,561806,0,895626,271547,39676,16180,18775,997,192,1923,6760.0,8836.0,34072.0
1233,2012-03-22,1864859,552545,0,878610,277537,34465,24162,17826,584,192,1916,7673.0,22928.0,24100.0
1234,2012-03-23,1820599,485592,0,915490,292439,30496,12256,17409,0,192,1917,7789.0,10087.0,21789.0
1235,2012-03-24,1616655,442711,0,723998,307240,15275,13632,18256,267,192,1929,8025.0,10382.0,45441.0
1236,2012-03-25,1553186,410721,0,690894,309495,18987,12514,15792,0,186,1876,8941.0,8436.0,46585.0
1237,2012-03-26,1774059,515569,0,829014,309270,9682,13202,14927,0,191,1916,10455.0,9437.0,33335.0
1238,2012-03-27,1767630,513130,0,825122,294449,9950,21770,15491,29,192,1923,10739.0,5682.0,41058.0
1239,2012-03-28,1760789,495153,0,817640,286425,36397,17672,14806,0,192,1914,10453.0,6858.0,44021.0
1240,2012-03-29,1745921,414476,0,848801,286270,70236,17589,13896,0,192,1905,10050.0,16457.0,38429.0
1241,2012-03-30,1725715,398948,0,846714,284098,71160,16930,13833,60,192,1908,8580.0,17779.0,37138.0
1242,2012-03-31,1579510,395818,0,738581,285887,28018,21420,11973,0,192,1924,4417.0,13842.0,47680.0
1243,2012-04-01,1540662,333479,0,751920,299641,30059,15144,10010,130,192,1930,10710.0,9371.0,47677.0
1244,2012-04-02,1790408,478840,0,889181,307478,17741,11922,10166,44,192,1918,7708.0,5092.0,34153.0
1245,2012-04-03,1848788,433145,0,858957,326226,103521,9756,10769,0,192,1908,5580.0,32908.0,39752.0
1246,2012-04-04,1904978,451633,0,860067,344401,89614,18192,12739,157,192,1903,4759.0,48724.0,40331.0
1247,2012-04-05,1857044,448722,0,894017,359316,33156,17754,9931,331,192,1922,6647.0,23723.0,38567.0
1248,2012-04-06,1674107,309549,0,848713,362344,42249,10950,11630,0,192,1922,7563.0,14840.0,37317.0
1249,2012-04-07,1588438,335695,0,745605,362266,23541,14906,10598,0,184,1854,4591.0,7968.0,46730.0
1250,2012-04-08,1529316,299940,0,640194,366105,82902,13504,9396,0,192,1923,4646.0,29851.0,47692.0
1251,2012-04-09,1599122,334903,0,684707,373834,56092,12792,10889,0,192,1916,3598.0,39940.0,47560.0
1252,2012-04-10,1753595,438655,0,760561,382325,67283,12398,10493,0,192,1920,10200.0,39342.0,24881.0
1253,2012-04-11,1790887,501256,0,817693,384395,16192,15162,10831,0,192,1918,9737.0,10194.0,18146.0
1254,2012-04-12,1789387,488944,0,808299,405358,13702,14913,8520,0,192,1919,9452.0,6679.0,24003.0
1255,2012-04-13,1765508,473921,0,796433,406378,16105,15044,10886,0,103,1029,9343.0,4877.0,24347.0
1256,2012-04-14,1612773,342331,0,698811,407975,39231,10880,10206,0,0,0,8315.0,19878.0,43166.0
1257,2012-04-15,1578525,303447,0,697785,405931,40159,11082,10306,540,0,0,10894.0,18213.0,47668.0
1258,2012-04-16,1824892,517309,0,787528,413066,43798,12378,9707,0,0,0,10348.0,16055.0,20613.0
1259,2012-04-17,1850513,506059,0,740115,417950,92153,14552,8951,0,0,0,9477.0,53676.0,27106.0
1260,2012-04-18,1880954,502766,0,788011,420351,56977,13456,10941,0,0,0,5190.0,34868.0,36836.0
1261,2012-04-19,1871364,513249,0,805584,414058,35798,18244,12029,9,112,1127,5875.0,26332.0,29873.0
1262,2012-04-20,1812455,488500,0,828716,403501,14494,14158,9963,0,192,1914,9020.0,12094.0,23811.0
1263,2012-04-21,1635324,368064,0,712737,403583,19082,15870,11095,0,192,1922,9440.0,16354.0,45957.0
1264,2012-04-22,1591681,352701,0,681500,407909,17885,15070,10925,0,192,1926,9350.0,16193.0,45860.0
1265,2012-04-23,1835266,475451,0,811783,414865,28387,13278,9258,0,192,1920,7163.0,18776.0,36595.0
1266,2012-04-24,1845118,479867,0,855777,417867,18738,12182,8887,0,192,1929,9413.0,8112.0,25073.0
1267,2012-04-25,1901900,417698,0,806102,413500,117425,15424,9266,0,192,1918,4581.0,48583.0,39310.0
1268,2012-04-26,1853877,393926,0,783431,398777,128323,14704,11110,0,192,1922,7719.0,45843.0,39174.0
1269,2012-04-27,1798384,439746,0,801301,398620,47019,11324,9611,89,192,1929,7304.0,19790.0,39906.0
1270,2012-04-28,1652960,418236,0,619432,398797,66407,13514,8579,0,191,1923,5093.0,44258.0,44878.0
1271,2012-04-29,1686330,440172,0,570767,398841,107044,15594,9717,0,192,1929,3296.0,61123.0,45797.0
1272,2012-04-30,1815231,449406,0,721571,398565,95788,9870,7972,0,192,1922,12026.0,44292.0,44068.0
1273,2012-05-01,1832738,462829,0,762486,398422,75270,11970,7823,0,192,1918,6089.0,33813.0,40282.0
1274,2012-05-02,1812117,481033,0,798203,397979,28226,15268,7359,0,192,1918,8519.0,13519.0,36250.0
1275,2012-05-03,1846601,539692,0,796536,383423,23245,19512,7334,0,192,1913,3912.0,10950.0,39178.0
1276,2012-05-04,1818192,532252,0,732914,383719,54649,16470,7387,2,192,1914,5332.0,18211.0,40045.0
1277,2012-05-05,1633127,430629,0,654994,383042,34979,12954,6728,0,191,1925,9712.0,19866.0,46797.0
1278,2012-05-06,1561500,396735,0,653859,383901,11395,12498,7368,0,192,1937,10862.0,5575.0,47712.0
1279,2012-05-07,1617948,385447,0,685286,383715,50737,10458,8033,0,192,1924,7334.0,22869.0,37971.0
1280,2012-05-08,1766340,555339,0,701572,392819,28350,15260,8508,0,192,1925,11738.0,13639.0,7241.0
1281,2012-05-09,1796224,637303,0,674090,387933,27796,17438,7323,0,192,1912,5743.0,11366.0,0.0
1282,2012-05-10,1787994,538860,0,645420,386943,105639,15664,9071,0,192,1914,5450.0,48502.0,179.0
1283,2012-05-11,1733759,517708,0,634775,387370,83653,11638,9510,4,192,1922,11449.0,43272.0,1925.0
1284,2012-05-12,1537691,384830,0,602039,383573,58720,14608,10033,0,191,1930,15469.0,17537.0,18765.0
1285,2012-05-13,1489400,357251,0,551520,302657,136706,14180,14113,0,189,1893,13968.0,47563.0,18812.0
1286,2012-05-14,1735428,635641,0,572770,283468,109043,16052,18442,4,192,1918,10452.0,49087.0,10020.0
1287,2012-05-15,1790803,652880,0,595976,330565,82055,17662,15742,22,192,1921,12046.0,40138.0,14684.0
1288,2012-05-16,1766803,631583,0,622134,384147,27158,12800,13315,12,192,1922,14070.0,11501.0,22092.0
1289,2012-05-17,1767117,589535,0,673471,387439,18004,12646,13633,0,192,1917,8378.0,9051.0,21970.0
1290,2012-05-18,1739582,477263,0,680892,381248,71938,12296,14438,0,192,1928,7538.0,32472.0,27261.0
1291,2012-05-19,1553650,443476,0,558270,381744,39555,12582,14646,0,192,1928,7826.0,14695.0,46629.0
1292,2012-05-20,1500785,363649,0,613315,381614,23235,10382,12071,0,192,1936,8520.0,6896.0,47712.0
1293,2012-05-21,1693272,482202,0,679113,389135,28621,15664,11220,0,163,1635,12964.0,10595.0,33312.0
1294,2012-05-22,1682572,473981,0,674870,394573,27015,12834,10413,0,166,1669,16790.0,10118.0,35082.0
1295,2012-05-23,1680145,488886,0,692039,395796,9242,13110,9029,38,192,1921,15806.0,4446.0,25757.0
1296,2012-05-24,1684793,518727,0,658722,396145,4992,16640,8506,0,192,1920,15477.0,2587.0,34173.0
1297,2012-05-25,1627565,431675,0,590851,395631,71862,13805,8950,0,192,1905,17760.0,34470.0,33747.0
1298,2012-05-26,1437547,329078,0,462604,394606,88861,13060,8484,0,192,1893,18207.0,41959.0,44756.0
1299,2012-05-27,1387508,347754,0,475352,394513,35251,18768,10729,0,192,1912,17412.0,13805.0,40943.0
1300,2012-05-28,1652682,481910,0,641034,393873,11793,18344,7949,0,192,1910,16883.0,3976.0,44723.0
1301,2012-05-29,1660370,495630,0,663379,393216,7442,19950,8420,0,174,1736,13525.0,3004.0,30169.0
1302,2012-05-30,1668591,484168,0,701733,383818,7501,13544,8970,0,192,1925,13450.0,4645.0,31704.0
1303,2012-05-31,1667465,503481,0,662168,382882,25369,12400,9146,0,192,1922,7698.0,14949.0,30424.0
1304,2012-06-01,1623522,517485,0,631316,370904,11169,16284,8236,0,192,1924,9127.0,3681.0,36482.0
1305,2012-06-02,1443850,410861,0,489297,370618,53893,10230,8458,0,192,1924,7756.0,17107.0,45460.0
1306,2012-06-03,1420883,384962,0,451631,370597,76297,11474,8862,0,192,1925,5257.0,32518.0,45034.0
1307,2012-06-04,1405795,354739,0,562955,376541,22264,11794,8898,0,192,1921,13014.0,11166.0,23615.0
1308,2012-06-05,1463119,412414,0,541224,384237,28325,18244,9451,0,192,1925,7144.0,17401.0,20570.0
1309,2012-06-06,1613835,496994,0,578372,392485,32039,13266,10013,0,192,1916,11074.0,19369.0,34740.0
1310,2012-06-07,1658167,503385,0,550460,399407,65547,17380,7431,0,192,1917,5041.0,36340.0,41564.0
1311,2012-06-08,1636587,496552,0,483547,399517,95219,17386,7995,0,192,1919,6124.0,56197.0,40814.0
1312,2012-06-09,1466935,427418,0,428741,399054,58083,17854,7884,0,192,1920,12084.0,34089.0,46792.0
1313,2012-06-10,1434038,438592,0,476391,393599,10149,18444,7610,0,192,1932,10292.0,2422.0,44303.0
1314,2012-06-11,1682260,629202,0,519389,393087,23664,25032,8269,105,190,1900,6658.0,11213.0,36404.0
1315,2012-06-12,1707401,594737,0,601650,392163,20964,10992,4769,0,192,1920,9139.0,9895.0,32516.0
1316,2012-06-13,1685338,573915,0,612823,397313,7242,15390,5264,12,192,1918,11810.0,3270.0,31681.0
1317,2012-06-14,1685666,483389,0,623665,386146,72977,10534,4906,0,192,1915,11722.0,33941.0,30468.0
1318,2012-06-15,1665919,462214,0,558843,374088,119635,18554,6524,0,192,1918,10402.0,52205.0,31570.0
1319,2012-06-16,1501279,436025,0,436166,370087,101079,12065,7199,0,192,1928,8136.0,50450.0,45807.0
1320,2012-06-17,1443587,443147,0,447274,372990,45012,17300,8078,0,192,1929,11908.0,20153.0,44796.0
1321,2012-06-18,1648983,523753,0,620565,392042,9785,10918,7368,0,172,1744,14374.0,4252.0,36623.0
1322,2012-06-19,1650643,533922,0,626163,396469,15990,13928,6797,0,192,1897,16905.0,6145.0,31040.0
1323,2012-06-20,1653460,536677,0,653946,392475,22601,14570,6957,0,192,1902,15362.0,9363.0,8122.0
1324,2012-06-21,1687381,526367,0,613796,385962,78690,23106,8045,0,278,2890,5508.0,27606.0,16314.0
1325,2012-06-22,1653726,494345,0,579783,363773,92957,15150,7566,0,373,3897,7911.0,53749.0,37220.0
1326,2012-06-23,1464768,408948,0,457776,355669,117039,10312,8308,0,192,1914,10821.0,56189.0,47600.0
1327,2012-06-24,1424898,403652,0,485492,361979,65429,12058,9388,0,192,1926,12637.0,35593.0,47701.0
1328,2012-06-25,1632331,511914,0,647576,366980,21884,20924,8351,0,244,2504,14338.0,8179.0,39866.0
1329,2012-06-26,1674826,559379,0,667546,346000,25934,14538,7508,0,725,7824,10640.0,10448.0,33952.0
1330,2012-06-27,1689290,587910,0,648511,345511,29524,18144,8188,0,661,7117,9580.0,12761.0,31534.0
1331,2012-06-28,1706698,552995,0,633056,344180,66168,19740,11647,0,1013,11129,11666.0,31000.0,34267.0
1332,2012-06-29,1630158,460637,0,594599,325738,111601,10018,13158,0,875,9504,11361.0,51987.0,38469.0
1333,2012-06-30,1436405,396173,0,456865,333796,85017,12242,13113,0,192,1911,14454.0,40184.0,46556.0
1334,2012-07-01,1389842,364701,0,433770,367514,66727,9806,11106,0,192,1920,12053.0,36345.0,46426.0
1335,2012-07-02,1647851,512359,0,591924,378348,42530,15686,10791,0,834,9063,5754.0,23669.0,33371.0
1336,2012-07-03,1683987,539562,0,608081,376288,32245,21952,15569,0,1039,11351,5808.0,16565.0,29072.0
1337,2012-07-04,1690302,560751,0,609446,376249,20752,19622,16732,0,1050,11430,9226.0,11038.0,31123.0
1338,2012-07-05,1666899,526024,0,630600,374742,12239,16022,15113,0,1059,11598,12850.0,3821.0,31281.0
1339,2012-07-06,1650392,515695,0,592664,341443,64308,15714,14116,0,978,10746,5620.0,22442.0,34054.0
1340,2012-07-07,1469267,391697,0,546422,330049,55695,17666,10755,0,191,1869,10063.0,23625.0,44820.0
1341,2012-07-08,1426566,399838,0,545047,330293,18095,16900,9644,0,192,1894,10558.0,9240.0,47708.0
1342,2012-07-09,1647574,498303,0,670278,329895,20166,22018,10086,0,831,9095,8606.0,7620.0,41052.0
1343,2012-07-10,1676225,524588,0,681609,332356,20876,14468,8876,0,1056,11647,8177.0,8744.0,38506.0
1344,2012-07-11,1658297,500899,0,663960,344726,35106,14304,12082,1169,1061,11673,14414.0,21958.0,19521.0
1345,2012-07-12,1650612,513781,0,633945,347136,20212,22426,15079,1440,1064,11681,12225.0,11817.0,23811.0
1346,2012-07-13,1621743,468128,0,653240,347279,25649,12952,11646,1440,955,10492,8644.0,13094.0,32486.0
1347,2012-07-14,1457952,455212,0,505394,347286,21230,15758,9221,1440,192,1910,9665.0,11210.0,41942.0
1348,2012-07-15,1402158,385235,0,458280,347517,59177,12898,7343,1440,154,1548,14149.0,29350.0,47707.0
1349,2012-07-16,1642844,454224,0,654396,347436,42908,13080,8493,1130,715,7808,5218.0,29678.0,41334.0
1350,2012-07-17,1653948,467904,0,656563,348030,35129,16840,8439,0,1052,11576,10812.0,25261.0,36017.0
1351,2012-07-18,1648612,466256,0,615760,333323,71218,16398,9682,797,1045,11366,8252.0,42108.0,36055.0
1352,2012-07-19,1645577,535823,0,636239,300258,26098,16745,10550,0,1077,11725,10300.0,19600.0,40032.0
1353,2012-07-20,1611074,533520,0,666268,277231,6046,12842,10704,0,976,10429,10397.0,3263.0,41966.0
1354,2012-07-21,1418880,442511,0,531147,301548,16120,14100,8440,0,191,1912,15028.0,4826.0,45694.0
1355,2012-07-22,1374414,350055,0,421242,327422,114523,10080,7903,0,192,1913,16960.0,39757.0,47506.0
1356,2012-07-23,1596934,473595,0,567971,320916,82338,11548,10124,0,872,9544,17406.0,30744.0,36204.0
1357,2012-07-24,1633076,545916,0,599252,321776,22751,19948,10087,0,985,10759,17515.0,5350.0,38843.0
1358,2012-07-25,1652216,551756,0,589258,347733,11070,11672,10044,3,1049,11569,16377.0,5677.0,33042.0
1359,2012-07-26,1635207,485000,0,615112,361992,16944,12096,8375,12,1044,11491,14518.0,4514.0,34377.0
1360,2012-07-27,1597809,467382,0,540442,363820,60532,13316,9014,0,972,10692,14528.0,19739.0,31118.0
1361,2012-07-28,1400117,386935,0,420656,352611,53108,10216,9063,0,185,1845,14981.0,22617.0,42831.0
1362,2012-07-29,1357954,365339,0,398578,350718,49994,12242,10288,0,145,1450,14317.0,22259.0,47640.0
1363,2012-07-30,1551414,463316,0,518566,356472,38972,10492,9408,5,485,5194,13481.0,19329.0,39490.0
1364,2012-07-31,1599784,497111,0,527346,368439,34196,13128,10169,0,553,5970,7715.0,15517.0,39573.0
1365,2012-08-01,1613364,451885,0,473569,385296,89305,22506,12807,0,1055,11612,8253.0,42121.0,36827.0
1366,2012-08-02,1596436,460901,0,536105,390710,31785,9476,13390,0,1054,11593,12415.0,13779.0,34125.0
1367,2012-08-03,1564486,482673,0,496144,391256,29036,15368,11459,0,825,9045,12006.0,18544.0,26833.0
1368,2012-08-04,1411519,417386,0,410742,387636,15529,17934,13265,0,192,1920,11825.0,7921.0,43174.0
1369,2012-08-05,1401080,425766,0,401382,386980,5809,21896,11984,0,223,2259,10973.0,2464.0,47672.0
1370,2012-08-06,1598104,496900,0,512437,387467,21016,16000,13724,0,896,9588,11618.0,11438.0,41571.0
1371,2012-08-07,1610549,494991,0,533942,388779,18593,10926,11100,0,544,5765,9742.0,10546.0,43142.0
1372,2012-08-08,1616064,486770,0,577531,387265,3675,14498,10918,0,995,10700,11635.0,1120.0,34970.0
1373,2012-08-09,1606677,472358,0,568653,391784,3936,16068,10222,0,1058,11352,15128.0,1060.0,38676.0
1374,2012-08-10,1582901,404804,0,601017,404789,5876,13948,9842,0,999,10696,16011.0,5432.0,33280.0
1375,2012-08-11,1418388,292847,0,475185,409645,40791,14176,8625,0,1104,11816,13600.0,24378.0,41485.0
1376,2012-08-12,1400868,276562,0,417974,433226,65892,16160,8859,0,1104,11832,11093.0,26150.0,47621.0
1377,2012-08-13,1632927,383447,0,582309,436779,67525,17322,8494,417,1098,11777,8451.0,30217.0,30035.0
1378,2012-08-14,1644189,410568,0,605507,432785,27464,22026,8993,0,1037,11128,13387.0,15040.0,28822.0
1379,2012-08-15,1664400,371941,0,566142,429947,109297,12274,7360,0,548,6001,6594.0,50081.0,25904.0
1380,2012-08-16,1639045,429354,0,579160,417772,92977,15676,8915,4,0,0,11320.0,42278.0,13284.0
1381,2012-08-17,1627165,458341,0,573765,391752,88809,16324,9313,51,0,0,7586.0,42560.0,11687.0
1382,2012-08-18,1465346,417110,0,497705,361243,55399,15418,9801,0,0,0,12191.0,18001.0,26605.0
1383,2012-08-19,1435653,406903,0,504350,360481,12141,14014,9651,0,0,0,10005.0,4444.0,43653.0
1384,2012-08-20,1645901,570085,0,667007,374584,28765,12108,9794,2,819,8922,11718.0,11850.0,5274.0
1385,2012-08-21,1649954,538992,0,673109,389552,35013,17294,10430,0,1185,12900,9002.0,17752.0,-8520.0
1386,2012-08-22,1623183,401583,0,667677,390538,81580,12407,9897,0,998,10853,12710.0,38290.0,2761.0
1387,2012-08-23,1631802,452941,0,682700,390830,35643,15688,11060,0,908,9870,9688.0,9124.0,-563.0
1388,2012-08-24,1600540,460085,0,657557,392299,12053,12338,10742,17,1150,12506,7683.0,8631.0,5625.0
1389,2012-08-25,1431171,315401,0,503513,391856,44202,13526,10982,0,54,593,8215.0,19450.0,39736.0
1390,2012-08-26,1361126,315066,0,444749,388820,39434,12826,12257,0,134,1506,11394.0,13543.0,39695.0
1391,2012-08-27,1444047,374656,0,438577,389188,117959,13010,14393,0,680,7537,5073.0,50388.0,6694.0
1392,2012-08-28,1617577,371544,0,611480,389509,109501,14604,14542,9,865,9401,13030.0,36363.0,18135.0
1393,2012-08-29,1656333,455725,0,626919,389532,74896,22710,16590,62,690,7453,6130.0,35219.0,6380.0
1394,2012-08-30,1646186,436484,0,656095,389279,71097,14280,15289,0,528,5632,10259.0,34757.0,6673.0
1395,2012-08-31,1605981,379391,0,662941,387701,52439,12998,15715,0,192,1915,12437.0,15124.0,19104.0
1396,2012-09-01,1447880,287850,0,482350,387513,96924,14748,15195,0,192,1896,9494.0,32800.0,37778.0
1397,2012-09-02,1430098,337318,0,474268,387571,50546,19890,15971,0,192,1913,7128.0,17261.0,41502.0
1398,2012-09-03,1639194,437392,0,607312,387395,64752,16318,13457,0,973,10507,12499.0,18308.0,24479.0
1399,2012-09-04,1679747,419719,0,622386,390159,100550,10712,13226,0,1200,12895,10723.0,32182.0,26572.0
1400,2012-09-05,1646287,393437,0,700319,383114,53638,12564,12119,83,1200,12881,14310.0,17240.0,15287.0
1401,2012-09-06,1643406,360627,0,701260,368020,90537,11488,14823,0,1398,15066,12927.0,31459.0,8445.0
1402,2012-09-07,1619612,337973,0,712452,364343,57404,12810,15224,0,2080,22603,13902.0,19494.0,18584.0
1403,2012-09-08,1446642,312618,0,571861,353073,32720,14948,15499,0,1912,20972,13238.0,9255.0,32756.0
1404,2012-09-09,1411847,265334,0,510476,348339,87684,11182,12957,0,1983,21624,11158.0,36692.0,44844.0
1405,2012-09-10,1644585,344033,0,739280,354293,62987,14464,14209,0,2078,22696,6590.0,37682.0,26875.0
1406,2012-09-11,1651226,332853,0,714921,356615,117080,11588,13693,0,2104,22851,11400.0,48370.0,21526.0
1407,2012-09-12,1675130,396294,0,747118,333054,88954,16332,16609,0,1901,20607,7971.0,33639.0,11082.0
1408,2012-09-13,1679567,352650,0,713836,321539,126533,17167,17483,0,2214,23986,10641.0,40194.0,22426.0
1409,2012-09-14,1650271,306671,0,638308,317495,161596,11792,21173,0,2147,23220,9125.0,67396.0,27824.0
1410,2012-09-15,1459387,244424,0,582994,325990,95220,15304,18585,192,1245,13358,11437.0,28767.0,39219.0
1411,2012-09-16,1437304,266241,0,491944,351504,108054,13162,16340,0,1248,13366,6443.0,40708.0,44969.0
1412,2012-09-17,1653062,385534,0,618198,358383,102676,12956,21554,272,2101,22932,9543.0,41795.0,20369.0
1413,2012-09-18,1683070,331451,0,693829,365447,119812,11390,19992,0,2016,22127,11606.0,47017.0,18717.0
1414,2012-09-19,1699494,391098,0,735028,348164,75167,15462,22100,0,1828,20022,11134.0,26365.0,13488.0
1415,2012-09-20,1720862,418209,0,758729,341481,55250,12052,19537,0,1905,20783,6506.0,21496.0,20856.0
1416,2012-09-21,1691754,424409,0,722249,332478,36483,17448,18663,0,2008,21982,5457.0,11661.0,32753.0
1417,2012-09-22,1511369,317834,0,645096,332084,20663,16524,18893,0,1172,12575,11759.0,7298.0,46878.0
1418,2012-09-23,1532994,248847,0,639422,344124,85204,14000,15364,0,911,9787,3571.0,39717.0,47695.0
1419,2012-09-24,1775925,296074,0,718253,370643,156937,18350,15913,0,1454,15858,3138.0,57991.0,39116.0
1420,2012-09-25,1787837,266549,0,720189,394869,178567,15082,17642,0,2050,22413,6217.0,59093.0,33930.0
1421,2012-09-26,1792581,332506,0,779556,404666,86795,18648,19879,0,1986,21734,5450.0,27784.0,29595.0
1422,2012-09-27,1757074,303670,0,806499,409532,46868,12766,17856,0,2058,22513,7946.0,17032.0,36807.0
1423,2012-09-28,1725183,204722,0,788893,387666,144292,16180,14094,610,1957,21304,6741.0,45573.0,38714.0
1424,2012-09-29,1537106,200224,0,581340,377944,143798,16326,18390,1448,1104,12036,10156.0,47397.0,46790.0
1425,2012-09-30,1522218,239451,0,560076,360528,149425,12922,20678,0,1099,11973,4775.0,54325.0,45319.0
1426,2012-10-01,1737156,317420,0,803083,339793,135661,12516,21371,1422,1843,20168,6144.0,44809.0,24803.0
1427,2012-10-02,1761116,290679,0,854224,351069,112991,18794,22154,1938,1933,21107,5718.0,49530.0,25560.0
1428,2012-10-03,1765196,299043,0,863127,344904,95172,15822,22038,433,2039,22267,7890.0,38272.0,31356.0
1429,2012-10-04,1758440,365579,0,844608,364713,47194,15956,19309,0,2767,30167,9036.0,18222.0,23532.0
1430,2012-10-05,1746133,343420,0,854193,350469,53547,15228,18858,48,2391,26017,4209.0,22789.0,24721.0
1431,2012-10-06,1551668,364577,0,652474,350923,35963,13570,19609,0,1351,14709,9450.0,10933.0,42205.0
1432,2012-10-07,1537678,359224,0,653897,351001,14542,16218,19556,0,2125,23103,7898.0,8090.0,46607.0
1433,2012-10-08,1787143,428285,0,862599,350855,27304,17460,19385,0,2605,28378,3855.0,12043.0,30877.0
1434,2012-10-09,1808688,421005,0,931298,349854,14871,12936,16029,0,2688,29298,5792.0,8676.0,27827.0
1435,2012-10-10,1810724,475085,0,871083,341756,18884,16230,18187,0,2474,26947,5554.0,12465.0,25229.0
1436,2012-10-11,1823361,440572,58,843298,340752,64500,13190,18006,0,2406,26211,2554.0,34157.0,31582.0
1437,2012-10-12,1757989,335036,0,812767,325428,128415,11816,21011,0,2684,29226,7349.0,50987.0,37748.0
1438,2012-10-13,1598235,390597,0,759790,311662,34754,19616,27661,0,191,1920,5948.0,10760.0,46720.0
1439,2012-10-14,1565630,408469,2063,712390,311781,33952,17386,24730,0,192,1928,7549.0,8941.0,47598.0
1440,2012-10-15,1810974,574623,1857,795380,315448,37600,17762,19950,0,192,1919,5257.0,12787.0,39588.0
1441,2012-10-16,1818891,474737,0,819001,323753,82590,14830,14702,0,2044,22184,6898.0,40541.0,28007.0
1442,2012-10-17,1819028,447376,0,807244,335744,100210,17084,15214,0,2180,23680,6265.0,45257.0,30042.0
1443,2012-10-18,1803622,461782,0,824380,342591,62019,13948,17141,100,2253,24348,5222.0,28409.0,33197.0
1444,2012-10-19,1796313,542198,0,852114,290587,18918,19620,19867,0,1360,14637,3466.0,4639.0,38414.0
1445,2012-10-20,1612090,417055,0,784559,287369,16000,17874,17943,0,1478,15941,5142.0,5861.0,38462.0
1446,2012-10-21,1589342,476009,0,659679,288062,34386,16352,17702,0,1654,17827,4170.0,14480.0,45987.0
1447,2012-10-22,1830494,567839,0,848797,289359,27407,26024,18550,1050,1393,15048,1938.0,10411.0,29551.0
1448,2012-10-23,1838733,579356,0,846423,319892,15391,21462,16601,0,2093,22781,1836.0,6184.0,18636.0
1449,2012-10-24,1832888,512530,0,868716,328275,37851,15584,14246,0,2179,23771,1886.0,22197.0,16720.0
1450,2012-10-25,1849929,457178,0,882511,328437,81511,13276,14701,0,2252,24493,2142.0,36035.0,18867.0
1451,2012-10-26,1856446,436631,0,868085,329002,107805,14276,15985,155,2063,22460,3221.0,43559.0,18815.0
1452,2012-10-27,1717021,421976,0,733965,312301,113870,15232,13612,0,985,10781,6329.0,39884.0,36129.0
1453,2012-10-28,1706188,412982,0,725481,307235,126052,12022,15580,0,1303,14133,2235.0,42673.0,39243.0
1454,2012-10-29,1884683,527244,0,918158,307439,51157,16506,17456,0,1276,13911,3955.0,14408.0,30035.0
1455,2012-10-30,1910072,505006,0,906438,307122,102450,11428,18216,0,1891,20813,4566.0,29283.0,21694.0
1456,2012-10-31,1905694,478515,0,890321,298579,116346,18860,21195,0,1430,15590,2422.0,45833.0,27492.0
1457,2012-11-01,1917388,458989,0,913146,270637,81125,19940,22019,525,2149,23423,3909.0,25219.0,39013.0
1458,2012-11-02,1902763,452653,0,859066,263266,129070,25390,20749,227,1186,12848,4795.0,44245.0,36232.0
1459,2012-11-03,1755115,416171,0,825404,280299,75622,19842,19256,49,1301,14046,4140.0,23306.0,38845.0
1460,2012-11-04,1757146,421906,0,803130,295233,66338,18528,19511,306,2160,23546,2923.0,19328.0,47214.0
1461,2012-11-05,1956784,507849,0,942650,298116,42366,20242,17361,418,2826,30766,5535.0,15280.0,37131.0
1462,2012-11-06,2022431,468145,0,911282,305014,157037,12960,16455,0,2914,31725,3114.0,49982.0,31554.0
1463,2012-11-07,1979397,403451,0,906032,316723,176185,14968,20491,0,2556,27869,3611.0,58530.0,29865.0
1464,2012-11-08,1935524,421375,0,887524,318566,136378,19414,23966,0,3289,35849,3344.0,41095.0,26049.0
1465,2012-11-09,1899750,441364,0,838106,321818,131684,17094,25372,4,3190,34647,2206.0,45126.0,19386.0
1466,2012-11-10,1725852,406814,0,768602,324507,64070,16208,26914,0,2122,23107,3196.0,14370.0,39325.0
1467,2012-11-11,1707497,376230,0,792178,325327,41161,17044,30295,31,2256,24819,4901.0,11621.0,44476.0
1468,2012-11-12,1962623,488262,0,882601,325483,101042,13546,28387,40,2256,24822,1454.0,32872.0,29575.0
1469,2012-11-13,1924215,430783,0,869562,321273,144428,15624,26678,0,2105,22987,2219.0,41616.0,23698.0
1470,2012-11-14,1906443,484957,0,915140,322714,46787,19330,28270,39,2096,22883,2830.0,11275.0,29219.0
1471,2012-11-15,1937860,509410,0,963849,304624,37539,17766,24416,0,1122,12153,2062.0,7281.0,33029.0
1472,2012-11-16,1921328,531744,0,904435,303974,36798,20332,24179,315,2254,24785,1390.0,8431.0,36341.0
1473,2012-11-17,1735016,421786,0,788813,283800,74826,17194,23154,0,2256,24808,2456.0,18676.0,40222.0
1474,2012-11-18,1729724,448477,0,746579,283350,75167,17364,23751,0,2256,24810,4264.0,21864.0,46850.0
1475,2012-11-19,1970421,496732,0,834346,278547,188604,16240,25727,0,1659,18222,1619.0,62242.0,28933.0
1476,2012-11-20,1959744,420023,0,897532,294563,181877,17494,28294,0,1878,20590,947.0,54182.0,24575.0
1477,2012-11-21,1993288,446418,0,970761,306438,99779,23152,31908,0,2320,25332,1322.0,28680.0,30035.0
1478,2012-11-22,1979944,434847,0,833678,309248,176451,22096,34844,0,3014,32825,1628.0,64947.0,35829.0
1479,2012-11-23,1942205,546895,1235,769962,311509,113237,18942,34135,0,2943,32091,3411.0,32882.0,39706.0
1480,2012-11-24,1823672,444840,0,819719,317188,67563,22154,33889,15,1644,17902,1134.0,23002.0,37864.0
1481,2012-11-25,1753505,363426,0,766574,329285,91957,18302,30103,0,2550,27838,2666.0,37252.0,46550.0
1482,2012-11-26,2005544,492821,0,855752,338341,128437,15166,26000,0,3230,35200,1526.0,35436.0,38954.0
1483,2012-11-27,2037213,504623,0,919028,341016,130572,15196,25165,651,1398,15228,1699.0,51762.0,10927.0
1484,2012-11-28,2051207,492457,0,961718,347545,98040,17504,21370,0,3257,35481,2439.0,30956.0,19251.0
1485,2012-11-29,2088936,596366,0,936580,361888,49193,17776,20757,0,3249,35413,3632.0,9681.0,37961.0
1486,2012-11-30,2104853,687875,1956,920487,369382,19598,18238,20634,0,3264,35600,2624.0,3445.0,23254.0
1487,2012-12-01,1926854,481631,0,876016,366956,94409,16522,16287,0,1242,13508,2591.0,26880.0,29927.0
1488,2012-12-02,1904149,486198,0,883967,372064,48484,16186,16877,345,892,9636,2981.0,12539.0,43084.0
1489,2012-12-03,2106057,470741,0,981992,383821,122515,16432,14532,0,2638,28729,2225.0,48087.0,37638.0
1490,2012-12-04,2118486,487255,0,993602,393877,98021,19606,16387,0,2831,30911,2703.0,33622.0,31009.0
1491,2012-12-05,2156908,556480,0,1015227,389675,83813,20160,15620,0,3139,34196,2884.0,23078.0,20998.0
1492,2012-12-06,2215565,621253,0,932071,386838,137415,22176,15660,338,3253,35502,1449.0,45063.0,18394.0
1493,2012-12-07,2144843,506797,0,944746,374641,148541,20836,16609,0,2471,26986,2492.0,58028.0,35090.0
1494,2012-12-08,1924516,436049,0,850431,368819,110608,14096,16936,0,2986,32492,2912.0,31774.0,29948.0
1495,2012-12-09,1862612,340541,0,754420,372141,191514,19740,20579,0,3132,34120,1919.0,68136.0,32650.0
1496,2012-12-10,2120838,523645,0,991572,373172,97842,16720,20424,0,2260,24678,3011.0,23015.0,30807.0
1497,2012-12-11,2209776,689913,0,1048971,375792,21696,19174,17364,687,2087,22838,2950.0,5507.0,16712.0
1498,2012-12-12,2252105,751054,12223,1046796,369323,23169,18748,18162,2046,2343,25602,1683.0,12518.0,6421.0
1499,2012-12-13,2253269,730920,0,1043659,355821,50035,14028,13584,0,2396,26106,1932.0,19746.0,15485.0
1500,2012-12-14,2180861,553432,0,949939,336830,161103,15292,15536,0,2725,29721,375.0,55304.0,30285.0
1501,2012-12-15,1900397,354101,0,892038,332361,140901,14846,16728,0,2209,24059,1954.0,47570.0,38475.0
1502,2012-12-16,1840171,379051,0,880549,343588,77344,16210,18918,0,2114,22980,2602.0,26388.0,35426.0
1503,2012-12-17,2059242,539827,0,950075,350058,57780,16086,21521,99,3049,33262,2386.0,26741.0,26668.0
1504,2012-12-18,2080340,595499,0,959804,359110,30923,13597,19395,0,2156,23450,2102.0,10663.0,31080.0
1505,2012-12-19,2113672,504661,0,910765,374281,167315,11424,20647,453,2193,23914,636.0,52931.0,27808.0
1506,2012-12-20,2081520,526251,0,786281,372141,200748,20126,24342,36,2062,22440,431.0,59095.0,36658.0
1507,2012-12-21,1963793,405201,0,935929,385533,81221,14642,25789,0,2428,26476,1606.0,21816.0,34800.0
1508,2012-12-22,1786842,249579,0,836674,390734,155487,18838,26859,0,1858,20182,457.0,21070.0,38380.0
1509,2012-12-23,1675494,180600,0,770073,372935,190989,11526,32081,0,1897,20574,1639.0,31751.0,38609.0
1510,2012-12-24,1763812,260759,0,870311,382735,92471,18380,33923,22,950,10247,710.0,23590.0,43736.0
1511,2012-12-25,1592658,172225,0,742650,387370,111539,13982,30377,0,2114,22937,1580.0,36575.0,45212.0
1512,2012-12-26,1581019,172998,0,694898,393631,125315,14738,28961,0,2870,31378,1381.0,50294.0,38659.0
1513,2012-12-27,1769241,318750,0,775832,402188,101435,13316,30590,0,2111,23028,1440.0,38460.0,35814.0
1514,2012-12-28,1783971,239511,0,752158,413360,194696,13504,31190,0,346,3610,811.0,65986.0,36738.0
1515,2012-12-29,1701117,250653,0,609863,416264,196089,15416,33086,0,1578,17253,690.0,66674.0,45368.0
1516,2012-12-30,1683034,182373,0,626510,423188,213419,12222,32784,0,1986,21618,2121.0,75939.0,43989.0
1517,2012-12-31,1734473,219298,0,692574,411544,193835,18420,33699,0,1392,15161,737.0,69575.0,31378.0
